<?xml version="1.0" encoding="utf-8"?>
<Animation name="TestAnim">
<Duration>0.666667</Duration>
<animBone boneIndex="0">
<KeyFrames numKeys="17">
<keyFrame num="0">
<keyTime>0</keyTime>
<localTransform>
<xAxis><x>1.000000</x><y>0.000000</y><z>0.000000</z><w>0.000000</w></xAxis>
<yAxis><x>0.000000</x><y>0.929874</y><z>0.367878</z><w>0.000000</w></yAxis>
<zAxis><x>0.000000</x><y>-0.367878</y><z>0.929874</z><w>0.000000</w></zAxis>
<wAxis><x>0.004797</x><y>2.789035</y><z>0.115981</z><w>1.000000</w></wAxis>
</localTransform>
<worldTransform>
<xAxis><x>1.000000</x><y>0.000000</y><z>0.000000</z><w>0.000000</w></xAxis>
<yAxis><x>0.000000</x><y>0.929874</y><z>0.367878</z><w>0.000000</w></yAxis>
<zAxis><x>0.000000</x><y>-0.367878</y><z>0.929874</z><w>0.000000</w></zAxis>
<wAxis><x>0.004797</x><y>2.789035</y><z>0.115981</z><w>1.000000</w></wAxis>
</worldTransform>
</keyFrame>
<keyFrame num="1">
<keyTime>0.0416667</keyTime>
<localTransform>
<xAxis><x>1.000000</x><y>0.000000</y><z>0.000000</z><w>0.000000</w></xAxis>
<yAxis><x>0.000000</x><y>0.929874</y><z>0.367878</z><w>0.000000</w></yAxis>
<zAxis><x>0.000000</x><y>-0.367878</y><z>0.929874</z><w>0.000000</w></zAxis>
<wAxis><x>0.004797</x><y>2.771171</y><z>0.115981</z><w>1.000000</w></wAxis>
</localTransform>
<worldTransform>
<xAxis><x>1.000000</x><y>0.000000</y><z>0.000000</z><w>0.000000</w></xAxis>
<yAxis><x>0.000000</x><y>0.929874</y><z>0.367878</z><w>0.000000</w></yAxis>
<zAxis><x>0.000000</x><y>-0.367878</y><z>0.929874</z><w>0.000000</w></zAxis>
<wAxis><x>0.004797</x><y>2.771171</y><z>0.115981</z><w>1.000000</w></wAxis>
</worldTransform>
</keyFrame>
<keyFrame num="2">
<keyTime>0.0833333</keyTime>
<localTransform>
<xAxis><x>1.000000</x><y>0.000000</y><z>0.000000</z><w>0.000000</w></xAxis>
<yAxis><x>0.000000</x><y>0.929874</y><z>0.367878</z><w>0.000000</w></yAxis>
<zAxis><x>0.000000</x><y>-0.367878</y><z>0.929874</z><w>0.000000</w></zAxis>
<wAxis><x>0.004797</x><y>2.763047</y><z>0.115981</z><w>1.000000</w></wAxis>
</localTransform>
<worldTransform>
<xAxis><x>1.000000</x><y>0.000000</y><z>0.000000</z><w>0.000000</w></xAxis>
<yAxis><x>0.000000</x><y>0.929874</y><z>0.367878</z><w>0.000000</w></yAxis>
<zAxis><x>0.000000</x><y>-0.367878</y><z>0.929874</z><w>0.000000</w></zAxis>
<wAxis><x>0.004797</x><y>2.763047</y><z>0.115981</z><w>1.000000</w></wAxis>
</worldTransform>
</keyFrame>
<keyFrame num="3">
<keyTime>0.125</keyTime>
<localTransform>
<xAxis><x>1.000000</x><y>0.000000</y><z>0.000000</z><w>0.000000</w></xAxis>
<yAxis><x>0.000000</x><y>0.929874</y><z>0.367878</z><w>0.000000</w></yAxis>
<zAxis><x>0.000000</x><y>-0.367878</y><z>0.929874</z><w>0.000000</w></zAxis>
<wAxis><x>0.004797</x><y>2.732162</y><z>0.115981</z><w>1.000000</w></wAxis>
</localTransform>
<worldTransform>
<xAxis><x>1.000000</x><y>0.000000</y><z>0.000000</z><w>0.000000</w></xAxis>
<yAxis><x>0.000000</x><y>0.929874</y><z>0.367878</z><w>0.000000</w></yAxis>
<zAxis><x>0.000000</x><y>-0.367878</y><z>0.929874</z><w>0.000000</w></zAxis>
<wAxis><x>0.004797</x><y>2.732162</y><z>0.115981</z><w>1.000000</w></wAxis>
</worldTransform>
</keyFrame>
<keyFrame num="4">
<keyTime>0.166667</keyTime>
<localTransform>
<xAxis><x>1.000000</x><y>0.000000</y><z>0.000000</z><w>0.000000</w></xAxis>
<yAxis><x>0.000000</x><y>0.929874</y><z>0.367878</z><w>0.000000</w></yAxis>
<zAxis><x>0.000000</x><y>-0.367878</y><z>0.929874</z><w>0.000000</w></zAxis>
<wAxis><x>0.004797</x><y>2.711028</y><z>0.115981</z><w>1.000000</w></wAxis>
</localTransform>
<worldTransform>
<xAxis><x>1.000000</x><y>0.000000</y><z>0.000000</z><w>0.000000</w></xAxis>
<yAxis><x>0.000000</x><y>0.929874</y><z>0.367878</z><w>0.000000</w></yAxis>
<zAxis><x>0.000000</x><y>-0.367878</y><z>0.929874</z><w>0.000000</w></zAxis>
<wAxis><x>0.004797</x><y>2.711028</y><z>0.115981</z><w>1.000000</w></wAxis>
</worldTransform>
</keyFrame>
<keyFrame num="5">
<keyTime>0.208333</keyTime>
<localTransform>
<xAxis><x>1.000000</x><y>0.000000</y><z>0.000000</z><w>0.000000</w></xAxis>
<yAxis><x>0.000000</x><y>0.929874</y><z>0.367878</z><w>0.000000</w></yAxis>
<zAxis><x>0.000000</x><y>-0.367878</y><z>0.929874</z><w>0.000000</w></zAxis>
<wAxis><x>0.004797</x><y>2.759803</y><z>0.115981</z><w>1.000000</w></wAxis>
</localTransform>
<worldTransform>
<xAxis><x>1.000000</x><y>0.000000</y><z>0.000000</z><w>0.000000</w></xAxis>
<yAxis><x>0.000000</x><y>0.929874</y><z>0.367878</z><w>0.000000</w></yAxis>
<zAxis><x>0.000000</x><y>-0.367878</y><z>0.929874</z><w>0.000000</w></zAxis>
<wAxis><x>0.004797</x><y>2.759803</y><z>0.115981</z><w>1.000000</w></wAxis>
</worldTransform>
</keyFrame>
<keyFrame num="6">
<keyTime>0.25</keyTime>
<localTransform>
<xAxis><x>1.000000</x><y>0.000000</y><z>0.000000</z><w>0.000000</w></xAxis>
<yAxis><x>0.000000</x><y>0.929874</y><z>0.367878</z><w>0.000000</w></yAxis>
<zAxis><x>0.000000</x><y>-0.367878</y><z>0.929874</z><w>0.000000</w></zAxis>
<wAxis><x>0.004797</x><y>2.808578</y><z>0.115981</z><w>1.000000</w></wAxis>
</localTransform>
<worldTransform>
<xAxis><x>1.000000</x><y>0.000000</y><z>0.000000</z><w>0.000000</w></xAxis>
<yAxis><x>0.000000</x><y>0.929874</y><z>0.367878</z><w>0.000000</w></yAxis>
<zAxis><x>0.000000</x><y>-0.367878</y><z>0.929874</z><w>0.000000</w></zAxis>
<wAxis><x>0.004797</x><y>2.808578</y><z>0.115981</z><w>1.000000</w></wAxis>
</worldTransform>
</keyFrame>
<keyFrame num="7">
<keyTime>0.291667</keyTime>
<localTransform>
<xAxis><x>1.000000</x><y>0.000000</y><z>0.000000</z><w>0.000000</w></xAxis>
<yAxis><x>0.000000</x><y>0.929874</y><z>0.367878</z><w>0.000000</w></yAxis>
<zAxis><x>0.000000</x><y>-0.367878</y><z>0.929874</z><w>0.000000</w></zAxis>
<wAxis><x>0.004797</x><y>2.806776</y><z>0.115981</z><w>1.000000</w></wAxis>
</localTransform>
<worldTransform>
<xAxis><x>1.000000</x><y>0.000000</y><z>0.000000</z><w>0.000000</w></xAxis>
<yAxis><x>0.000000</x><y>0.929874</y><z>0.367878</z><w>0.000000</w></yAxis>
<zAxis><x>0.000000</x><y>-0.367878</y><z>0.929874</z><w>0.000000</w></zAxis>
<wAxis><x>0.004797</x><y>2.806776</y><z>0.115981</z><w>1.000000</w></wAxis>
</worldTransform>
</keyFrame>
<keyFrame num="8">
<keyTime>0.333333</keyTime>
<localTransform>
<xAxis><x>1.000000</x><y>0.000000</y><z>0.000000</z><w>0.000000</w></xAxis>
<yAxis><x>0.000000</x><y>0.929874</y><z>0.367878</z><w>0.000000</w></yAxis>
<zAxis><x>0.000000</x><y>-0.367878</y><z>0.929874</z><w>0.000000</w></zAxis>
<wAxis><x>0.004797</x><y>2.798248</y><z>0.115981</z><w>1.000000</w></wAxis>
</localTransform>
<worldTransform>
<xAxis><x>1.000000</x><y>0.000000</y><z>0.000000</z><w>0.000000</w></xAxis>
<yAxis><x>0.000000</x><y>0.929874</y><z>0.367878</z><w>0.000000</w></yAxis>
<zAxis><x>0.000000</x><y>-0.367878</y><z>0.929874</z><w>0.000000</w></zAxis>
<wAxis><x>0.004797</x><y>2.798248</y><z>0.115981</z><w>1.000000</w></wAxis>
</worldTransform>
</keyFrame>
<keyFrame num="9">
<keyTime>0.375</keyTime>
<localTransform>
<xAxis><x>1.000000</x><y>0.000000</y><z>0.000000</z><w>0.000000</w></xAxis>
<yAxis><x>0.000000</x><y>0.929874</y><z>0.367878</z><w>0.000000</w></yAxis>
<zAxis><x>0.000000</x><y>-0.367878</y><z>0.929874</z><w>0.000000</w></zAxis>
<wAxis><x>0.004797</x><y>2.778387</y><z>0.115981</z><w>1.000000</w></wAxis>
</localTransform>
<worldTransform>
<xAxis><x>1.000000</x><y>0.000000</y><z>0.000000</z><w>0.000000</w></xAxis>
<yAxis><x>0.000000</x><y>0.929874</y><z>0.367878</z><w>0.000000</w></yAxis>
<zAxis><x>0.000000</x><y>-0.367878</y><z>0.929874</z><w>0.000000</w></zAxis>
<wAxis><x>0.004797</x><y>2.778387</y><z>0.115981</z><w>1.000000</w></wAxis>
</worldTransform>
</keyFrame>
<keyFrame num="10">
<keyTime>0.416667</keyTime>
<localTransform>
<xAxis><x>1.000000</x><y>0.000000</y><z>0.000000</z><w>0.000000</w></xAxis>
<yAxis><x>0.000000</x><y>0.929874</y><z>0.367878</z><w>0.000000</w></yAxis>
<zAxis><x>0.000000</x><y>-0.367878</y><z>0.929874</z><w>0.000000</w></zAxis>
<wAxis><x>0.004797</x><y>2.754770</y><z>0.115981</z><w>1.000000</w></wAxis>
</localTransform>
<worldTransform>
<xAxis><x>1.000000</x><y>0.000000</y><z>0.000000</z><w>0.000000</w></xAxis>
<yAxis><x>0.000000</x><y>0.929874</y><z>0.367878</z><w>0.000000</w></yAxis>
<zAxis><x>0.000000</x><y>-0.367878</y><z>0.929874</z><w>0.000000</w></zAxis>
<wAxis><x>0.004797</x><y>2.754770</y><z>0.115981</z><w>1.000000</w></wAxis>
</worldTransform>
</keyFrame>
<keyFrame num="11">
<keyTime>0.458333</keyTime>
<localTransform>
<xAxis><x>1.000000</x><y>0.000000</y><z>0.000000</z><w>0.000000</w></xAxis>
<yAxis><x>0.000000</x><y>0.929874</y><z>0.367878</z><w>0.000000</w></yAxis>
<zAxis><x>0.000000</x><y>-0.367878</y><z>0.929874</z><w>0.000000</w></zAxis>
<wAxis><x>0.004797</x><y>2.729340</y><z>0.115981</z><w>1.000000</w></wAxis>
</localTransform>
<worldTransform>
<xAxis><x>1.000000</x><y>0.000000</y><z>0.000000</z><w>0.000000</w></xAxis>
<yAxis><x>0.000000</x><y>0.929874</y><z>0.367878</z><w>0.000000</w></yAxis>
<zAxis><x>0.000000</x><y>-0.367878</y><z>0.929874</z><w>0.000000</w></zAxis>
<wAxis><x>0.004797</x><y>2.729340</y><z>0.115981</z><w>1.000000</w></wAxis>
</worldTransform>
</keyFrame>
<keyFrame num="12">
<keyTime>0.5</keyTime>
<localTransform>
<xAxis><x>1.000000</x><y>0.000000</y><z>0.000000</z><w>0.000000</w></xAxis>
<yAxis><x>0.000000</x><y>0.929874</y><z>0.367878</z><w>0.000000</w></yAxis>
<zAxis><x>0.000000</x><y>-0.367878</y><z>0.929874</z><w>0.000000</w></zAxis>
<wAxis><x>0.004797</x><y>2.714392</y><z>0.115981</z><w>1.000000</w></wAxis>
</localTransform>
<worldTransform>
<xAxis><x>1.000000</x><y>0.000000</y><z>0.000000</z><w>0.000000</w></xAxis>
<yAxis><x>0.000000</x><y>0.929874</y><z>0.367878</z><w>0.000000</w></yAxis>
<zAxis><x>0.000000</x><y>-0.367878</y><z>0.929874</z><w>0.000000</w></zAxis>
<wAxis><x>0.004797</x><y>2.714392</y><z>0.115981</z><w>1.000000</w></wAxis>
</worldTransform>
</keyFrame>
<keyFrame num="13">
<keyTime>0.541667</keyTime>
<localTransform>
<xAxis><x>1.000000</x><y>0.000000</y><z>0.000000</z><w>0.000000</w></xAxis>
<yAxis><x>0.000000</x><y>0.929874</y><z>0.367878</z><w>0.000000</w></yAxis>
<zAxis><x>0.000000</x><y>-0.367878</y><z>0.929874</z><w>0.000000</w></zAxis>
<wAxis><x>0.004797</x><y>2.732064</y><z>0.115981</z><w>1.000000</w></wAxis>
</localTransform>
<worldTransform>
<xAxis><x>1.000000</x><y>0.000000</y><z>0.000000</z><w>0.000000</w></xAxis>
<yAxis><x>0.000000</x><y>0.929874</y><z>0.367878</z><w>0.000000</w></yAxis>
<zAxis><x>0.000000</x><y>-0.367878</y><z>0.929874</z><w>0.000000</w></zAxis>
<wAxis><x>0.004797</x><y>2.732064</y><z>0.115981</z><w>1.000000</w></wAxis>
</worldTransform>
</keyFrame>
<keyFrame num="14">
<keyTime>0.583333</keyTime>
<localTransform>
<xAxis><x>1.000000</x><y>0.000000</y><z>0.000000</z><w>0.000000</w></xAxis>
<yAxis><x>0.000000</x><y>0.929874</y><z>0.367878</z><w>0.000000</w></yAxis>
<zAxis><x>0.000000</x><y>-0.367878</y><z>0.929874</z><w>0.000000</w></zAxis>
<wAxis><x>0.004797</x><y>2.759065</y><z>0.115981</z><w>1.000000</w></wAxis>
</localTransform>
<worldTransform>
<xAxis><x>1.000000</x><y>0.000000</y><z>0.000000</z><w>0.000000</w></xAxis>
<yAxis><x>0.000000</x><y>0.929874</y><z>0.367878</z><w>0.000000</w></yAxis>
<zAxis><x>0.000000</x><y>-0.367878</y><z>0.929874</z><w>0.000000</w></zAxis>
<wAxis><x>0.004797</x><y>2.759065</y><z>0.115981</z><w>1.000000</w></wAxis>
</worldTransform>
</keyFrame>
<keyFrame num="15">
<keyTime>0.625</keyTime>
<localTransform>
<xAxis><x>1.000000</x><y>0.000000</y><z>0.000000</z><w>0.000000</w></xAxis>
<yAxis><x>0.000000</x><y>0.929874</y><z>0.367878</z><w>0.000000</w></yAxis>
<zAxis><x>0.000000</x><y>-0.367878</y><z>0.929874</z><w>0.000000</w></zAxis>
<wAxis><x>0.004797</x><y>2.778480</y><z>0.115981</z><w>1.000000</w></wAxis>
</localTransform>
<worldTransform>
<xAxis><x>1.000000</x><y>0.000000</y><z>0.000000</z><w>0.000000</w></xAxis>
<yAxis><x>0.000000</x><y>0.929874</y><z>0.367878</z><w>0.000000</w></yAxis>
<zAxis><x>0.000000</x><y>-0.367878</y><z>0.929874</z><w>0.000000</w></zAxis>
<wAxis><x>0.004797</x><y>2.778480</y><z>0.115981</z><w>1.000000</w></wAxis>
</worldTransform>
</keyFrame>
<keyFrame num="16">
<keyTime>0.666667</keyTime>
<localTransform>
<xAxis><x>1.000000</x><y>0.000000</y><z>0.000000</z><w>0.000000</w></xAxis>
<yAxis><x>0.000000</x><y>0.929874</y><z>0.367878</z><w>0.000000</w></yAxis>
<zAxis><x>0.000000</x><y>-0.367878</y><z>0.929874</z><w>0.000000</w></zAxis>
<wAxis><x>0.004797</x><y>2.789035</y><z>0.115981</z><w>1.000000</w></wAxis>
</localTransform>
<worldTransform>
<xAxis><x>1.000000</x><y>0.000000</y><z>0.000000</z><w>0.000000</w></xAxis>
<yAxis><x>0.000000</x><y>0.929874</y><z>0.367878</z><w>0.000000</w></yAxis>
<zAxis><x>0.000000</x><y>-0.367878</y><z>0.929874</z><w>0.000000</w></zAxis>
<wAxis><x>0.004797</x><y>2.789035</y><z>0.115981</z><w>1.000000</w></wAxis>
</worldTransform>
</keyFrame>
</KeyFrames>
</animBone>
<animBone boneIndex="1">
<KeyFrames numKeys="17">
<keyFrame num="0">
<keyTime>0</keyTime>
<localTransform>
<xAxis><x>0.989290</x><y>-0.044000</y><z>-0.139173</z><w>0.000000</w></xAxis>
<yAxis><x>0.072868</x><y>0.975044</y><z>0.209711</z><w>0.000000</w></yAxis>
<zAxis><x>0.126473</x><y>-0.217606</y><z>0.967808</z><w>0.000000</w></zAxis>
<wAxis><x>0.003127</x><y>0.489564</y><z>0.036501</z><w>1.000000</w></wAxis>
</localTransform>
<worldTransform>
<xAxis><x>0.989290</x><y>0.010284</y><z>-0.145600</z><w>0.000000</w></xAxis>
<yAxis><x>0.072868</x><y>0.829520</y><z>0.553702</z><w>0.000000</w></yAxis>
<zAxis><x>0.126473</x><y>-0.558382</y><z>0.819887</z><w>0.000000</w></zAxis>
<wAxis><x>0.007923</x><y>3.230840</y><z>0.330022</z><w>1.000000</w></wAxis>
</worldTransform>
</keyFrame>
<keyFrame num="1">
<keyTime>0.0416667</keyTime>
<localTransform>
<xAxis><x>0.991324</x><y>-0.040447</y><z>-0.125066</z><w>0.000000</w></xAxis>
<yAxis><x>0.066306</x><y>0.975427</y><z>0.210109</z><w>0.000000</w></yAxis>
<zAxis><x>0.113494</x><y>-0.216579</y><z>0.969646</z><w>0.000000</w></zAxis>
<wAxis><x>0.003127</x><y>0.489564</y><z>0.036501</z><w>1.000000</w></wAxis>
</localTransform>
<worldTransform>
<xAxis><x>0.991324</x><y>0.008398</y><z>-0.131175</z><w>0.000000</w></xAxis>
<yAxis><x>0.066306</x><y>0.829730</y><z>0.554213</z><w>0.000000</w></yAxis>
<zAxis><x>0.113494</x><y>-0.558102</y><z>0.821974</z><w>0.000000</w></zAxis>
<wAxis><x>0.007923</x><y>3.212976</y><z>0.330022</z><w>1.000000</w></wAxis>
</worldTransform>
</keyFrame>
<keyFrame num="2">
<keyTime>0.0833333</keyTime>
<localTransform>
<xAxis><x>0.995660</x><y>-0.030983</y><z>-0.087761</z><w>0.000000</w></xAxis>
<yAxis><x>0.048974</x><y>0.976268</y><z>0.210955</z><w>0.000000</w></yAxis>
<zAxis><x>0.079142</x><y>-0.214337</y><z>0.973548</z><w>0.000000</w></zAxis>
<wAxis><x>0.003127</x><y>0.489564</y><z>0.036501</z><w>1.000000</w></wAxis>
</localTransform>
<worldTransform>
<xAxis><x>0.995660</x><y>0.003475</y><z>-0.093004</z><w>0.000000</w></xAxis>
<yAxis><x>0.048974</x><y>0.830201</y><z>0.555309</z><w>0.000000</w></yAxis>
<zAxis><x>0.079142</x><y>-0.557454</y><z>0.826427</z><w>0.000000</w></zAxis>
<wAxis><x>0.007923</x><y>3.204852</y><z>0.330022</z><w>1.000000</w></wAxis>
</worldTransform>
</keyFrame>
<keyFrame num="3">
<keyTime>0.125</keyTime>
<localTransform>
<xAxis><x>0.999242</x><y>-0.017424</y><z>-0.034820</z><w>0.000000</w></xAxis>
<yAxis><x>0.024412</x><y>0.977042</y><z>0.211643</z><w>0.000000</w></yAxis>
<zAxis><x>0.030333</x><y>-0.212333</y><z>0.976727</z><w>0.000000</w></zAxis>
<wAxis><x>0.003127</x><y>0.489564</y><z>0.036501</z><w>1.000000</w></wAxis>
</localTransform>
<worldTransform>
<xAxis><x>0.999242</x><y>-0.003392</y><z>-0.038788</z><w>0.000000</w></xAxis>
<yAxis><x>0.024412</x><y>0.830667</y><z>0.556234</z><w>0.000000</w></yAxis>
<zAxis><x>0.030333</x><y>-0.556759</y><z>0.830120</z><w>0.000000</w></zAxis>
<wAxis><x>0.007923</x><y>3.173967</y><z>0.330022</z><w>1.000000</w></wAxis>
</worldTransform>
</keyFrame>
<keyFrame num="4">
<keyTime>0.166667</keyTime>
<localTransform>
<xAxis><x>0.999661</x><y>-0.001761</y><z>0.025979</z><w>0.000000</w></xAxis>
<yAxis><x>-0.003780</x><y>0.977327</y><z>0.211700</z><w>0.000000</w></yAxis>
<zAxis><x>-0.025763</x><y>-0.211727</y><z>0.976989</z><w>0.000000</w></zAxis>
<wAxis><x>0.003127</x><y>0.489564</y><z>0.036501</z><w>1.000000</w></wAxis>
</localTransform>
<worldTransform>
<xAxis><x>0.999661</x><y>-0.011195</y><z>0.023509</z><w>0.000000</w></xAxis>
<yAxis><x>-0.003780</x><y>0.830911</y><z>0.556392</z><w>0.000000</w></yAxis>
<zAxis><x>-0.025763</x><y>-0.556292</y><z>0.830587</z><w>0.000000</w></zAxis>
<wAxis><x>0.007923</x><y>3.152832</y><z>0.330022</z><w>1.000000</w></wAxis>
</worldTransform>
</keyFrame>
<keyFrame num="5">
<keyTime>0.208333</keyTime>
<localTransform>
<xAxis><x>0.996140</x><y>0.013859</y><z>0.086682</z><w>0.000000</w></xAxis>
<yAxis><x>-0.031951</x><y>0.976969</y><z>0.210975</z><w>0.000000</w></yAxis>
<zAxis><x>-0.081762</x><y>-0.212930</y><z>0.973641</z><w>0.000000</w></zAxis>
<wAxis><x>0.003127</x><y>0.489564</y><z>0.036501</z><w>1.000000</w></wAxis>
</localTransform>
<worldTransform>
<xAxis><x>0.996140</x><y>-0.019002</y><z>0.085702</z><w>0.000000</w></xAxis>
<yAxis><x>-0.031951</x><y>0.830845</y><z>0.555586</z><w>0.000000</w></yAxis>
<zAxis><x>-0.081762</x><y>-0.556179</y><z>0.827031</z><w>0.000000</w></zAxis>
<wAxis><x>0.007923</x><y>3.201608</y><z>0.330022</z><w>1.000000</w></wAxis>
</worldTransform>
</keyFrame>
<keyFrame num="6">
<keyTime>0.25</keyTime>
<localTransform>
<xAxis><x>0.989862</x><y>0.027312</y><z>0.139382</z><w>0.000000</w></xAxis>
<yAxis><x>-0.056461</x><y>0.976133</y><z>0.209705</z><w>0.000000</w></yAxis>
<zAxis><x>-0.130328</x><y>-0.215448</y><z>0.967779</z><w>0.000000</w></zAxis>
<wAxis><x>0.003127</x><y>0.489564</y><z>0.036501</z><w>1.000000</w></wAxis>
</localTransform>
<worldTransform>
<xAxis><x>0.989862</x><y>-0.025879</y><z>0.139655</z><w>0.000000</w></xAxis>
<yAxis><x>-0.056461</x><y>0.830535</y><z>0.554097</z><w>0.000000</w></yAxis>
<zAxis><x>-0.130328</x><y>-0.556365</y><z>0.820654</z><w>0.000000</w></zAxis>
<wAxis><x>0.007923</x><y>3.250383</y><z>0.330022</z><w>1.000000</w></wAxis>
</worldTransform>
</keyFrame>
<keyFrame num="7">
<keyTime>0.291667</keyTime>
<localTransform>
<xAxis><x>0.983630</x><y>0.036662</y><z>0.176430</z><w>0.000000</w></xAxis>
<yAxis><x>-0.073739</x><y>0.975249</y><z>0.208450</z><w>0.000000</w></yAxis>
<zAxis><x>-0.164421</x><y>-0.218047</y><z>0.961988</z><w>0.000000</w></zAxis>
<wAxis><x>0.003127</x><y>0.489564</y><z>0.036501</z><w>1.000000</w></wAxis>
</localTransform>
<worldTransform>
<xAxis><x>0.983630</x><y>-0.030813</y><z>0.177545</z><w>0.000000</w></xAxis>
<yAxis><x>-0.073739</x><y>0.830175</y><z>0.552605</z><w>0.000000</w></yAxis>
<zAxis><x>-0.164421</x><y>-0.556651</y><z>0.814313</z><w>0.000000</w></zAxis>
<wAxis><x>0.007923</x><y>3.248581</y><z>0.330022</z><w>1.000000</w></wAxis>
</worldTransform>
</keyFrame>
<keyFrame num="8">
<keyTime>0.333333</keyTime>
<localTransform>
<xAxis><x>0.980881</x><y>0.040163</y><z>0.190420</z><w>0.000000</w></xAxis>
<yAxis><x>-0.080276</x><y>0.974851</y><z>0.207897</z><w>0.000000</w></yAxis>
<zAxis><x>-0.177281</x><y>-0.219208</y><z>0.959437</z><w>0.000000</w></zAxis>
<wAxis><x>0.003127</x><y>0.489564</y><z>0.036501</z><w>1.000000</w></wAxis>
</localTransform>
<worldTransform>
<xAxis><x>0.980881</x><y>-0.032705</y><z>0.191842</z><w>0.000000</w></xAxis>
<yAxis><x>-0.080276</x><y>0.830008</y><z>0.551944</z><w>0.000000</w></yAxis>
<zAxis><x>-0.177281</x><y>-0.556792</y><z>0.811513</z><w>0.000000</w></zAxis>
<wAxis><x>0.007923</x><y>3.240053</y><z>0.330022</z><w>1.000000</w></wAxis>
</worldTransform>
</keyFrame>
<keyFrame num="9">
<keyTime>0.375</keyTime>
<localTransform>
<xAxis><x>0.983630</x><y>0.036662</y><z>0.176430</z><w>0.000000</w></xAxis>
<yAxis><x>-0.073739</x><y>0.975249</y><z>0.208450</z><w>0.000000</w></yAxis>
<zAxis><x>-0.164421</x><y>-0.218047</y><z>0.961988</z><w>0.000000</w></zAxis>
<wAxis><x>0.003127</x><y>0.489564</y><z>0.036501</z><w>1.000000</w></wAxis>
</localTransform>
<worldTransform>
<xAxis><x>0.983630</x><y>-0.030813</y><z>0.177545</z><w>0.000000</w></xAxis>
<yAxis><x>-0.073739</x><y>0.830175</y><z>0.552605</z><w>0.000000</w></yAxis>
<zAxis><x>-0.164421</x><y>-0.556651</y><z>0.814313</z><w>0.000000</w></zAxis>
<wAxis><x>0.007923</x><y>3.220192</y><z>0.330022</z><w>1.000000</w></wAxis>
</worldTransform>
</keyFrame>
<keyFrame num="10">
<keyTime>0.416667</keyTime>
<localTransform>
<xAxis><x>0.989862</x><y>0.027312</y><z>0.139382</z><w>0.000000</w></xAxis>
<yAxis><x>-0.056461</x><y>0.976133</y><z>0.209705</z><w>0.000000</w></yAxis>
<zAxis><x>-0.130328</x><y>-0.215448</y><z>0.967779</z><w>0.000000</w></zAxis>
<wAxis><x>0.003127</x><y>0.489564</y><z>0.036501</z><w>1.000000</w></wAxis>
</localTransform>
<worldTransform>
<xAxis><x>0.989862</x><y>-0.025879</y><z>0.139655</z><w>0.000000</w></xAxis>
<yAxis><x>-0.056461</x><y>0.830535</y><z>0.554097</z><w>0.000000</w></yAxis>
<zAxis><x>-0.130328</x><y>-0.556365</y><z>0.820654</z><w>0.000000</w></zAxis>
<wAxis><x>0.007923</x><y>3.196575</y><z>0.330022</z><w>1.000000</w></wAxis>
</worldTransform>
</keyFrame>
<keyFrame num="11">
<keyTime>0.458333</keyTime>
<localTransform>
<xAxis><x>0.996140</x><y>0.013859</y><z>0.086682</z><w>0.000000</w></xAxis>
<yAxis><x>-0.031951</x><y>0.976969</y><z>0.210975</z><w>0.000000</w></yAxis>
<zAxis><x>-0.081762</x><y>-0.212930</y><z>0.973641</z><w>0.000000</w></zAxis>
<wAxis><x>0.003127</x><y>0.489564</y><z>0.036501</z><w>1.000000</w></wAxis>
</localTransform>
<worldTransform>
<xAxis><x>0.996140</x><y>-0.019002</y><z>0.085702</z><w>0.000000</w></xAxis>
<yAxis><x>-0.031951</x><y>0.830845</y><z>0.555586</z><w>0.000000</w></yAxis>
<zAxis><x>-0.081762</x><y>-0.556179</y><z>0.827031</z><w>0.000000</w></zAxis>
<wAxis><x>0.007923</x><y>3.171145</y><z>0.330022</z><w>1.000000</w></wAxis>
</worldTransform>
</keyFrame>
<keyFrame num="12">
<keyTime>0.5</keyTime>
<localTransform>
<xAxis><x>0.999661</x><y>-0.001761</y><z>0.025979</z><w>0.000000</w></xAxis>
<yAxis><x>-0.003780</x><y>0.977327</y><z>0.211700</z><w>0.000000</w></yAxis>
<zAxis><x>-0.025763</x><y>-0.211727</y><z>0.976989</z><w>0.000000</w></zAxis>
<wAxis><x>0.003127</x><y>0.489564</y><z>0.036501</z><w>1.000000</w></wAxis>
</localTransform>
<worldTransform>
<xAxis><x>0.999661</x><y>-0.011195</y><z>0.023509</z><w>0.000000</w></xAxis>
<yAxis><x>-0.003780</x><y>0.830911</y><z>0.556392</z><w>0.000000</w></yAxis>
<zAxis><x>-0.025763</x><y>-0.556292</y><z>0.830587</z><w>0.000000</w></zAxis>
<wAxis><x>0.007923</x><y>3.156197</y><z>0.330022</z><w>1.000000</w></wAxis>
</worldTransform>
</keyFrame>
<keyFrame num="13">
<keyTime>0.541667</keyTime>
<localTransform>
<xAxis><x>0.999242</x><y>-0.017424</y><z>-0.034820</z><w>0.000000</w></xAxis>
<yAxis><x>0.024412</x><y>0.977042</y><z>0.211643</z><w>0.000000</w></yAxis>
<zAxis><x>0.030333</x><y>-0.212333</y><z>0.976727</z><w>0.000000</w></zAxis>
<wAxis><x>0.003127</x><y>0.489564</y><z>0.036501</z><w>1.000000</w></wAxis>
</localTransform>
<worldTransform>
<xAxis><x>0.999242</x><y>-0.003392</y><z>-0.038788</z><w>0.000000</w></xAxis>
<yAxis><x>0.024412</x><y>0.830667</y><z>0.556234</z><w>0.000000</w></yAxis>
<zAxis><x>0.030333</x><y>-0.556759</y><z>0.830120</z><w>0.000000</w></zAxis>
<wAxis><x>0.007923</x><y>3.173868</y><z>0.330022</z><w>1.000000</w></wAxis>
</worldTransform>
</keyFrame>
<keyFrame num="14">
<keyTime>0.583333</keyTime>
<localTransform>
<xAxis><x>0.995660</x><y>-0.030983</y><z>-0.087761</z><w>0.000000</w></xAxis>
<yAxis><x>0.048974</x><y>0.976268</y><z>0.210955</z><w>0.000000</w></yAxis>
<zAxis><x>0.079142</x><y>-0.214337</y><z>0.973548</z><w>0.000000</w></zAxis>
<wAxis><x>0.003127</x><y>0.489564</y><z>0.036501</z><w>1.000000</w></wAxis>
</localTransform>
<worldTransform>
<xAxis><x>0.995660</x><y>0.003475</y><z>-0.093004</z><w>0.000000</w></xAxis>
<yAxis><x>0.048974</x><y>0.830201</y><z>0.555309</z><w>0.000000</w></yAxis>
<zAxis><x>0.079142</x><y>-0.557454</y><z>0.826427</z><w>0.000000</w></zAxis>
<wAxis><x>0.007923</x><y>3.200870</y><z>0.330022</z><w>1.000000</w></wAxis>
</worldTransform>
</keyFrame>
<keyFrame num="15">
<keyTime>0.625</keyTime>
<localTransform>
<xAxis><x>0.991324</x><y>-0.040447</y><z>-0.125066</z><w>0.000000</w></xAxis>
<yAxis><x>0.066306</x><y>0.975427</y><z>0.210109</z><w>0.000000</w></yAxis>
<zAxis><x>0.113494</x><y>-0.216579</y><z>0.969646</z><w>0.000000</w></zAxis>
<wAxis><x>0.003127</x><y>0.489564</y><z>0.036501</z><w>1.000000</w></wAxis>
</localTransform>
<worldTransform>
<xAxis><x>0.991324</x><y>0.008398</y><z>-0.131175</z><w>0.000000</w></xAxis>
<yAxis><x>0.066306</x><y>0.829730</y><z>0.554213</z><w>0.000000</w></yAxis>
<zAxis><x>0.113494</x><y>-0.558102</y><z>0.821974</z><w>0.000000</w></zAxis>
<wAxis><x>0.007923</x><y>3.220285</y><z>0.330022</z><w>1.000000</w></wAxis>
</worldTransform>
</keyFrame>
<keyFrame num="16">
<keyTime>0.666667</keyTime>
<localTransform>
<xAxis><x>0.989290</x><y>-0.044000</y><z>-0.139173</z><w>0.000000</w></xAxis>
<yAxis><x>0.072868</x><y>0.975044</y><z>0.209711</z><w>0.000000</w></yAxis>
<zAxis><x>0.126473</x><y>-0.217606</y><z>0.967808</z><w>0.000000</w></zAxis>
<wAxis><x>0.003127</x><y>0.489564</y><z>0.036501</z><w>1.000000</w></wAxis>
</localTransform>
<worldTransform>
<xAxis><x>0.989290</x><y>0.010284</y><z>-0.145600</z><w>0.000000</w></xAxis>
<yAxis><x>0.072868</x><y>0.829520</y><z>0.553702</z><w>0.000000</w></yAxis>
<zAxis><x>0.126473</x><y>-0.558382</y><z>0.819887</z><w>0.000000</w></zAxis>
<wAxis><x>0.007923</x><y>3.230840</y><z>0.330022</z><w>1.000000</w></wAxis>
</worldTransform>
</keyFrame>
</KeyFrames>
</animBone>
<animBone boneIndex="2">
<KeyFrames numKeys="17">
<keyFrame num="0">
<keyTime>0</keyTime>
<localTransform>
<xAxis><x>0.989290</x><y>-0.044000</y><z>-0.139173</z><w>0.000000</w></xAxis>
<yAxis><x>0.072868</x><y>0.975044</y><z>0.209711</z><w>0.000000</w></yAxis>
<zAxis><x>0.126473</x><y>-0.217606</y><z>0.967808</z><w>0.000000</w></zAxis>
<wAxis><x>-0.005815</x><y>0.352619</y><z>-0.012807</z><w>1.000000</w></wAxis>
</localTransform>
<worldTransform>
<xAxis><x>0.957887</x><y>0.051387</y><z>-0.282510</z><w>0.000000</w></xAxis>
<yAxis><x>0.169660</x><y>0.692470</y><z>0.701214</z><w>0.000000</w></yAxis>
<zAxis><x>0.231663</x><y>-0.719614</y><z>0.654590</z><w>0.000000</w></zAxis>
<wAxis><x>0.026246</x><y>3.530436</y><z>0.515615</z><w>1.000000</w></wAxis>
</worldTransform>
</keyFrame>
<keyFrame num="1">
<keyTime>0.0416667</keyTime>
<localTransform>
<xAxis><x>0.991324</x><y>-0.040447</y><z>-0.125066</z><w>0.000000</w></xAxis>
<yAxis><x>0.066306</x><y>0.975427</y><z>0.210109</z><w>0.000000</w></yAxis>
<zAxis><x>0.113494</x><y>-0.216579</y><z>0.969646</z><w>0.000000</w></zAxis>
<wAxis><x>-0.005815</x><y>0.352619</y><z>-0.012807</z><w>1.000000</w></wAxis>
</localTransform>
<worldTransform>
<xAxis><x>0.965846</x><y>0.044565</y><z>-0.255255</z><w>0.000000</w></xAxis>
<yAxis><x>0.154254</x><y>0.692635</y><z>0.704601</z><w>0.000000</w></yAxis>
<zAxis><x>0.208199</x><y>-0.719910</y><z>0.662105</z><w>0.000000</w></zAxis>
<wAxis><x>0.024086</x><y>3.512653</y><z>0.515685</z><w>1.000000</w></wAxis>
</worldTransform>
</keyFrame>
<keyFrame num="2">
<keyTime>0.0833333</keyTime>
<localTransform>
<xAxis><x>0.995660</x><y>-0.030983</y><z>-0.087761</z><w>0.000000</w></xAxis>
<yAxis><x>0.048974</x><y>0.976268</y><z>0.210955</z><w>0.000000</w></yAxis>
<zAxis><x>0.079142</x><y>-0.214337</y><z>0.973548</z><w>0.000000</w></zAxis>
<wAxis><x>-0.005815</x><y>0.352619</y><z>-0.012807</z><w>1.000000</w></wAxis>
</localTransform>
<worldTransform>
<xAxis><x>0.982875</x><y>0.026661</y><z>-0.182333</z><w>0.000000</w></xAxis>
<yAxis><x>0.113268</x><y>0.693071</y><z>0.711915</z><w>0.000000</w></yAxis>
<zAxis><x>0.145350</x><y>-0.720376</y><z>0.678183</z><w>0.000000</w></zAxis>
<wAxis><x>0.018389</x><y>3.504715</y><z>0.515792</z><w>1.000000</w></wAxis>
</worldTransform>
</keyFrame>
<keyFrame num="3">
<keyTime>0.125</keyTime>
<localTransform>
<xAxis><x>0.999242</x><y>-0.017424</y><z>-0.034820</z><w>0.000000</w></xAxis>
<yAxis><x>0.024412</x><y>0.977042</y><z>0.211643</z><w>0.000000</w></yAxis>
<zAxis><x>0.030333</x><y>-0.212333</y><z>0.976727</z><w>0.000000</w></zAxis>
<wAxis><x>-0.005815</x><y>0.352619</y><z>-0.012807</z><w>1.000000</w></wAxis>
</localTransform>
<worldTransform>
<xAxis><x>0.997002</x><y>0.001524</y><z>-0.077356</z><w>0.000000</w></xAxis>
<yAxis><x>0.054664</x><y>0.693679</y><z>0.718207</z><w>0.000000</w></yAxis>
<zAxis><x>0.054754</x><y>-0.720282</y><z>0.691517</z><w>0.000000</w></zAxis>
<wAxis><x>0.010332</x><y>3.474026</y><z>0.515756</z><w>1.000000</w></wAxis>
</worldTransform>
</keyFrame>
<keyFrame num="4">
<keyTime>0.166667</keyTime>
<localTransform>
<xAxis><x>0.999661</x><y>-0.001761</y><z>0.025979</z><w>0.000000</w></xAxis>
<yAxis><x>-0.003780</x><y>0.977327</y><z>0.211700</z><w>0.000000</w></yAxis>
<zAxis><x>-0.025763</x><y>-0.211727</y><z>0.976989</z><w>0.000000</w></zAxis>
<wAxis><x>-0.005815</x><y>0.352619</y><z>-0.012807</z><w>1.000000</w></wAxis>
</localTransform>
<worldTransform>
<xAxis><x>0.998659</x><y>-0.027106</y><z>0.044099</z><w>0.000000</w></xAxis>
<yAxis><x>-0.012927</x><y>0.694347</y><z>0.719524</z><w>0.000000</w></yAxis>
<zAxis><x>-0.050124</x><y>-0.719129</y><z>0.693066</z><w>0.000000</w></zAxis>
<wAxis><x>0.001108</x><y>3.453017</y><z>0.515443</z><w>1.000000</w></wAxis>
</worldTransform>
</keyFrame>
<keyFrame num="5">
<keyTime>0.208333</keyTime>
<localTransform>
<xAxis><x>0.996140</x><y>0.013859</y><z>0.086682</z><w>0.000000</w></xAxis>
<yAxis><x>-0.031951</x><y>0.976969</y><z>0.210975</z><w>0.000000</w></yAxis>
<zAxis><x>-0.081762</x><y>-0.212930</y><z>0.973641</z><w>0.000000</w></zAxis>
<wAxis><x>-0.005815</x><y>0.352619</y><z>-0.012807</z><w>1.000000</w></wAxis>
</localTransform>
<worldTransform>
<xAxis><x>0.984764</x><y>-0.055624</y><z>0.164760</z><w>0.000000</w></xAxis>
<yAxis><x>-0.080292</x><y>0.694978</y><z>0.714534</z><w>0.000000</w></yAxis>
<zAxis><x>-0.154250</x><y>-0.716877</y><z>0.679923</z><w>0.000000</w></zAxis>
<wAxis><x>-0.008088</x><y>3.501813</y><z>0.514843</z><w>1.000000</w></wAxis>
</worldTransform>
</keyFrame>
<keyFrame num="6">
<keyTime>0.25</keyTime>
<localTransform>
<xAxis><x>0.989862</x><y>0.027312</y><z>0.139382</z><w>0.000000</w></xAxis>
<yAxis><x>-0.056461</x><y>0.976133</y><z>0.209705</z><w>0.000000</w></yAxis>
<zAxis><x>-0.130328</x><y>-0.215448</y><z>0.967779</z><w>0.000000</w></zAxis>
<wAxis><x>-0.005815</x><y>0.352619</y><z>-0.012807</z><w>1.000000</w></wAxis>
</localTransform>
<worldTransform>
<xAxis><x>0.960119</x><y>-0.080481</y><z>0.267757</z><w>0.000000</w></xAxis>
<yAxis><x>-0.138333</x><y>0.695502</y><z>0.705082</z><w>0.000000</w></yAxis>
<zAxis><x>-0.242972</x><y>-0.714003</y><z>0.656632</z><w>0.000000</w></zAxis>
<wAxis><x>-0.016073</x><y>3.550521</y><z>0.514086</z><w>1.000000</w></wAxis>
</worldTransform>
</keyFrame>
<keyFrame num="7">
<keyTime>0.291667</keyTime>
<localTransform>
<xAxis><x>0.983630</x><y>0.036662</y><z>0.176430</z><w>0.000000</w></xAxis>
<yAxis><x>-0.073739</x><y>0.975249</y><z>0.208450</z><w>0.000000</w></yAxis>
<zAxis><x>-0.164421</x><y>-0.218047</y><z>0.961988</z><w>0.000000</w></zAxis>
<wAxis><x>-0.005815</x><y>0.352619</y><z>-0.012807</z><w>1.000000</w></wAxis>
</localTransform>
<worldTransform>
<xAxis><x>0.935816</x><y>-0.098083</y><z>0.338567</z><w>0.000000</w></xAxis>
<yAxis><x>-0.178719</x><y>0.695866</y><z>0.695579</z><w>0.000000</w></yAxis>
<zAxis><x>-0.303822</x><y>-0.711442</y><z>0.633673</z><w>0.000000</w></zAxis>
<wAxis><x>-0.021692</x><y>3.548624</y><z>0.513420</z><w>1.000000</w></wAxis>
</worldTransform>
</keyFrame>
<keyFrame num="8">
<keyTime>0.333333</keyTime>
<localTransform>
<xAxis><x>0.980881</x><y>0.040163</y><z>0.190420</z><w>0.000000</w></xAxis>
<yAxis><x>-0.080276</x><y>0.974851</y><z>0.207897</z><w>0.000000</w></yAxis>
<zAxis><x>-0.177281</x><y>-0.219208</y><z>0.959437</z><w>0.000000</w></zAxis>
<wAxis><x>-0.005815</x><y>0.352619</y><z>-0.012807</z><w>1.000000</w></wAxis>
</localTransform>
<worldTransform>
<xAxis><x>0.925145</x><y>-0.104768</y><z>0.364871</z><w>0.000000</w></xAxis>
<yAxis><x>-0.193854</x><y>0.696004</y><z>0.691374</z><w>0.000000</w></yAxis>
<zAxis><x>-0.326385</x><y>-0.710353</y><z>0.623595</z><w>0.000000</w></zAxis>
<wAxis><x>-0.023817</x><y>3.540050</y><z>0.513140</z><w>1.000000</w></wAxis>
</worldTransform>
</keyFrame>
<keyFrame num="9">
<keyTime>0.375</keyTime>
<localTransform>
<xAxis><x>0.983630</x><y>0.036662</y><z>0.176430</z><w>0.000000</w></xAxis>
<yAxis><x>-0.073739</x><y>0.975249</y><z>0.208450</z><w>0.000000</w></yAxis>
<zAxis><x>-0.164421</x><y>-0.218047</y><z>0.961988</z><w>0.000000</w></zAxis>
<wAxis><x>-0.005815</x><y>0.352619</y><z>-0.012807</z><w>1.000000</w></wAxis>
</localTransform>
<worldTransform>
<xAxis><x>0.935816</x><y>-0.098083</y><z>0.338567</z><w>0.000000</w></xAxis>
<yAxis><x>-0.178719</x><y>0.695866</y><z>0.695579</z><w>0.000000</w></yAxis>
<zAxis><x>-0.303822</x><y>-0.711442</y><z>0.633673</z><w>0.000000</w></zAxis>
<wAxis><x>-0.021692</x><y>3.520235</y><z>0.513420</z><w>1.000000</w></wAxis>
</worldTransform>
</keyFrame>
<keyFrame num="10">
<keyTime>0.416667</keyTime>
<localTransform>
<xAxis><x>0.989862</x><y>0.027312</y><z>0.139382</z><w>0.000000</w></xAxis>
<yAxis><x>-0.056461</x><y>0.976133</y><z>0.209705</z><w>0.000000</w></yAxis>
<zAxis><x>-0.130328</x><y>-0.215448</y><z>0.967779</z><w>0.000000</w></zAxis>
<wAxis><x>-0.005815</x><y>0.352619</y><z>-0.012807</z><w>1.000000</w></wAxis>
</localTransform>
<worldTransform>
<xAxis><x>0.960119</x><y>-0.080481</y><z>0.267757</z><w>0.000000</w></xAxis>
<yAxis><x>-0.138333</x><y>0.695502</y><z>0.705082</z><w>0.000000</w></yAxis>
<zAxis><x>-0.242972</x><y>-0.714003</y><z>0.656632</z><w>0.000000</w></zAxis>
<wAxis><x>-0.016073</x><y>3.496713</y><z>0.514086</z><w>1.000000</w></wAxis>
</worldTransform>
</keyFrame>
<keyFrame num="11">
<keyTime>0.458333</keyTime>
<localTransform>
<xAxis><x>0.996140</x><y>0.013859</y><z>0.086682</z><w>0.000000</w></xAxis>
<yAxis><x>-0.031951</x><y>0.976969</y><z>0.210975</z><w>0.000000</w></yAxis>
<zAxis><x>-0.081762</x><y>-0.212930</y><z>0.973641</z><w>0.000000</w></zAxis>
<wAxis><x>-0.005815</x><y>0.352619</y><z>-0.012807</z><w>1.000000</w></wAxis>
</localTransform>
<worldTransform>
<xAxis><x>0.984764</x><y>-0.055624</y><z>0.164760</z><w>0.000000</w></xAxis>
<yAxis><x>-0.080292</x><y>0.694978</y><z>0.714534</z><w>0.000000</w></yAxis>
<zAxis><x>-0.154250</x><y>-0.716877</y><z>0.679923</z><w>0.000000</w></zAxis>
<wAxis><x>-0.008088</x><y>3.471350</y><z>0.514843</z><w>1.000000</w></wAxis>
</worldTransform>
</keyFrame>
<keyFrame num="12">
<keyTime>0.5</keyTime>
<localTransform>
<xAxis><x>0.999661</x><y>-0.001761</y><z>0.025979</z><w>0.000000</w></xAxis>
<yAxis><x>-0.003780</x><y>0.977327</y><z>0.211700</z><w>0.000000</w></yAxis>
<zAxis><x>-0.025763</x><y>-0.211727</y><z>0.976989</z><w>0.000000</w></zAxis>
<wAxis><x>-0.005815</x><y>0.352619</y><z>-0.012807</z><w>1.000000</w></wAxis>
</localTransform>
<worldTransform>
<xAxis><x>0.998659</x><y>-0.027106</y><z>0.044099</z><w>0.000000</w></xAxis>
<yAxis><x>-0.012927</x><y>0.694347</y><z>0.719524</z><w>0.000000</w></yAxis>
<zAxis><x>-0.050124</x><y>-0.719129</y><z>0.693066</z><w>0.000000</w></zAxis>
<wAxis><x>0.001108</x><y>3.456382</y><z>0.515443</z><w>1.000000</w></wAxis>
</worldTransform>
</keyFrame>
<keyFrame num="13">
<keyTime>0.541667</keyTime>
<localTransform>
<xAxis><x>0.999242</x><y>-0.017424</y><z>-0.034820</z><w>0.000000</w></xAxis>
<yAxis><x>0.024412</x><y>0.977042</y><z>0.211643</z><w>0.000000</w></yAxis>
<zAxis><x>0.030333</x><y>-0.212333</y><z>0.976727</z><w>0.000000</w></zAxis>
<wAxis><x>-0.005815</x><y>0.352619</y><z>-0.012807</z><w>1.000000</w></wAxis>
</localTransform>
<worldTransform>
<xAxis><x>0.997002</x><y>0.001524</y><z>-0.077356</z><w>0.000000</w></xAxis>
<yAxis><x>0.054664</x><y>0.693679</y><z>0.718207</z><w>0.000000</w></yAxis>
<zAxis><x>0.054754</x><y>-0.720282</y><z>0.691517</z><w>0.000000</w></zAxis>
<wAxis><x>0.010332</x><y>3.473927</y><z>0.515756</z><w>1.000000</w></wAxis>
</worldTransform>
</keyFrame>
<keyFrame num="14">
<keyTime>0.583333</keyTime>
<localTransform>
<xAxis><x>0.995660</x><y>-0.030983</y><z>-0.087761</z><w>0.000000</w></xAxis>
<yAxis><x>0.048974</x><y>0.976268</y><z>0.210955</z><w>0.000000</w></yAxis>
<zAxis><x>0.079142</x><y>-0.214337</y><z>0.973548</z><w>0.000000</w></zAxis>
<wAxis><x>-0.005815</x><y>0.352619</y><z>-0.012807</z><w>1.000000</w></wAxis>
</localTransform>
<worldTransform>
<xAxis><x>0.982875</x><y>0.026661</y><z>-0.182334</z><w>0.000000</w></xAxis>
<yAxis><x>0.113268</x><y>0.693071</y><z>0.711915</z><w>0.000000</w></yAxis>
<zAxis><x>0.145350</x><y>-0.720376</y><z>0.678183</z><w>0.000000</w></zAxis>
<wAxis><x>0.018389</x><y>3.500734</y><z>0.515792</z><w>1.000000</w></wAxis>
</worldTransform>
</keyFrame>
<keyFrame num="15">
<keyTime>0.625</keyTime>
<localTransform>
<xAxis><x>0.991324</x><y>-0.040447</y><z>-0.125066</z><w>0.000000</w></xAxis>
<yAxis><x>0.066306</x><y>0.975427</y><z>0.210109</z><w>0.000000</w></yAxis>
<zAxis><x>0.113494</x><y>-0.216579</y><z>0.969646</z><w>0.000000</w></zAxis>
<wAxis><x>-0.005815</x><y>0.352619</y><z>-0.012807</z><w>1.000000</w></wAxis>
</localTransform>
<worldTransform>
<xAxis><x>0.965846</x><y>0.044565</y><z>-0.255255</z><w>0.000000</w></xAxis>
<yAxis><x>0.154254</x><y>0.692635</y><z>0.704601</z><w>0.000000</w></yAxis>
<zAxis><x>0.208199</x><y>-0.719910</y><z>0.662105</z><w>0.000000</w></zAxis>
<wAxis><x>0.024086</x><y>3.519962</y><z>0.515685</z><w>1.000000</w></wAxis>
</worldTransform>
</keyFrame>
<keyFrame num="16">
<keyTime>0.666667</keyTime>
<localTransform>
<xAxis><x>0.989290</x><y>-0.044000</y><z>-0.139173</z><w>0.000000</w></xAxis>
<yAxis><x>0.072868</x><y>0.975044</y><z>0.209711</z><w>0.000000</w></yAxis>
<zAxis><x>0.126473</x><y>-0.217606</y><z>0.967808</z><w>0.000000</w></zAxis>
<wAxis><x>-0.005815</x><y>0.352619</y><z>-0.012807</z><w>1.000000</w></wAxis>
</localTransform>
<worldTransform>
<xAxis><x>0.957887</x><y>0.051387</y><z>-0.282510</z><w>0.000000</w></xAxis>
<yAxis><x>0.169660</x><y>0.692470</y><z>0.701214</z><w>0.000000</w></yAxis>
<zAxis><x>0.231663</x><y>-0.719614</y><z>0.654590</z><w>0.000000</w></zAxis>
<wAxis><x>0.026246</x><y>3.530436</y><z>0.515615</z><w>1.000000</w></wAxis>
</worldTransform>
</keyFrame>
</KeyFrames>
</animBone>
<animBone boneIndex="3">
<KeyFrames numKeys="17">
<keyFrame num="0">
<keyTime>0</keyTime>
<localTransform>
<xAxis><x>0.989290</x><y>-0.044000</y><z>-0.139173</z><w>0.000000</w></xAxis>
<yAxis><x>0.072868</x><y>0.975044</y><z>0.209711</z><w>0.000000</w></yAxis>
<zAxis><x>0.126473</x><y>-0.217606</y><z>0.967808</z><w>0.000000</w></zAxis>
<wAxis><x>0.002031</x><y>0.346555</y><z>-0.109427</z><w>1.000000</w></wAxis>
</localTransform>
<worldTransform>
<xAxis><x>0.907922</x><y>0.120519</y><z>-0.401439</z><w>0.000000</w></xAxis>
<yAxis><x>0.283808</x><y>0.528023</y><z>0.800403</z><w>0.000000</w></yAxis>
<zAxis><x>0.308433</x><y>-0.840635</y><z>0.445199</z><w>0.000000</w></zAxis>
<wAxis><x>0.061638</x><y>3.849265</y><z>0.686421</z><w>1.000000</w></wAxis>
</worldTransform>
</keyFrame>
<keyFrame num="1">
<keyTime>0.0416667</keyTime>
<localTransform>
<xAxis><x>0.991324</x><y>-0.040447</y><z>-0.125066</z><w>0.000000</w></xAxis>
<yAxis><x>0.066306</x><y>0.975427</y><z>0.210109</z><w>0.000000</w></yAxis>
<zAxis><x>0.113494</x><y>-0.216579</y><z>0.969646</z><w>0.000000</w></zAxis>
<wAxis><x>0.002031</x><y>0.346555</y><z>-0.109427</z><w>1.000000</w></wAxis>
</localTransform>
<worldTransform>
<xAxis><x>0.925189</x><y>0.106199</y><z>-0.364346</z><w>0.000000</w></xAxis>
<yAxis><x>0.258249</x><y>0.527310</y><z>0.809476</z><w>0.000000</w></yAxis>
<zAxis><x>0.278089</x><y>-0.843010</y><z>0.460436</z><w>0.000000</w></zAxis>
<wAxis><x>0.056723</x><y>3.831557</y><z>0.686897</z><w>1.000000</w></wAxis>
</worldTransform>
</keyFrame>
<keyFrame num="2">
<keyTime>0.0833333</keyTime>
<localTransform>
<xAxis><x>0.995660</x><y>-0.030983</y><z>-0.087761</z><w>0.000000</w></xAxis>
<yAxis><x>0.048974</x><y>0.976268</y><z>0.210955</z><w>0.000000</w></yAxis>
<zAxis><x>0.079142</x><y>-0.214337</y><z>0.973548</z><w>0.000000</w></zAxis>
